0.2 0.64 0.2 0.116961
0.19925 0.642399 0.19925 0.116115
0.1985 0.644798 0.1985 0.115273
0.19775 0.647195 0.19775 0.114434
0.197 0.649591 0.197 0.113599
0.19625 0.651986 0.19625 0.112767
0.1955 0.654379 0.1955 0.111938
0.19475 0.656772 0.19475 0.111112
0.194 0.659163 0.194 0.11029
0.19325 0.661553 0.19325 0.109471
0.1925 0.663942 0.1925 0.108656
0.19175 0.666329 0.19175 0.107844
0.191 0.668715 0.191 0.107035
0.19025 0.6711 0.19025 0.106229
0.1895 0.673484 0.1895 0.105427
0.18875 0.675866 0.18875 0.104628
0.188 0.678247 0.188 0.103833
0.18725 0.680627 0.18725 0.103041
0.1865 0.683005 0.1865 0.102252
0.18575 0.685382 0.18575 0.101466
0.185 0.687758 0.185 0.100684
0.18425 0.690132 0.18425 0.0999045
0.1835 0.692505 0.1835 0.0991287
0.18275 0.694877 0.18275 0.0983562
0.182 0.697247 0.182 0.0975869
0.18125 0.699615 0.18125 0.096821
0.1805 0.701983 0.1805 0.0960583
0.17975 0.704348 0.17975 0.0952989
0.179 0.706713 0.179 0.0945428
0.17825 0.709075 0.17825 0.09379
0.1775 0.711437 0.1775 0.0930404
0.17675 0.713797 0.17675 0.092294
0.176 0.716155 0.176 0.0915509
0.17525 0.718512 0.17525 0.0908111
0.1745 0.720867 0.1745 0.0900745
0.17375 0.72322 0.17375 0.0893412
0.173 0.725573 0.173 0.0886111
0.17225 0.727923 0.17225 0.0878843
0.1715 0.730272 0.1715 0.0871607
0.17075 0.732619 0.17075 0.0864403
0.17 0.734965 0.17 0.0857232
0.16925 0.737309 0.16925 0.0850092
0.1685 0.739651 0.1685 0.0842985
0.16775 0.741992 0.16775 0.0835911
0.167 0.744331 0.167 0.0828868
0.16625 0.746669 0.16625 0.0821858
0.1655 0.749004 0.1655 0.0814879
0.16475 0.751338 0.16475 0.0807933
0.164 0.753671 0.164 0.0801019
0.16325 0.756001 0.16325 0.0794137
0.1625 0.75833 0.1625 0.0787287
0.16175 0.760657 0.16175 0.0780468
0.161 0.762982 0.161 0.0773682
0.16025 0.765306 0.16025 0.0766927
0.1595 0.767628 0.1595 0.0760205
0.15875 0.769947 0.15875 0.0753514
0.158 0.772266 0.158 0.0746855
0.15725 0.774582 0.15725 0.0740228
0.1565 0.776896 0.1565 0.0733632
0.15575 0.779209 0.15575 0.0727068
0.155 0.781519 0.155 0.0720536
0.15425 0.783828 0.15425 0.0714035
0.1535 0.786135 0.1535 0.0707566
0.15275 0.78844 0.15275 0.0701128
0.152 0.790743 0.152 0.0694722
0.15125 0.793044 0.15125 0.0688347
0.1505 0.795343 0.1505 0.0682004
0.14975 0.797641 0.14975 0.0675692
0.149 0.799936 0.149 0.0669411
0.14825 0.802229 0.14825 0.0663162
0.1475 0.80452 0.1475 0.0656944
0.14675 0.806809 0.14675 0.0650758
0.146 0.809097 0.146 0.0644602
0.14525 0.811382 0.14525 0.0638478
0.1445 0.813665 0.1445 0.0632385
0.14375 0.815946 0.14375 0.0626323
0.143 0.818225 0.143 0.0620292
0.14225 0.820502 0.14225 0.0614292
0.1415 0.822777 0.1415 0.0608324
0.14075 0.825049 0.14075 0.0602386
0.14 0.82732 0.14 0.0596479
0.13925 0.829588 0.13925 0.0590603
0.1385 0.831855 0.1385 0.0584758
0.13775 0.834119 0.13775 0.0578943
0.137 0.836381 0.137 0.057316
0.13625 0.838641 0.13625 0.0567407
0.1355 0.840898 0.1355 0.0561685
0.13475 0.843153 0.13475 0.0555994
0.134 0.845407 0.134 0.0550333
0.13325 0.847657 0.13325 0.0544703
0.1325 0.849906 0.1325 0.0539104
0.13175 0.852152 0.13175 0.0533535
0.131 0.854396 0.131 0.0527997
0.13025 0.856638 0.13025 0.0522489
0.1295 0.858878 0.1295 0.0517011
0.12875 0.861115 0.12875 0.0511564
0.128 0.86335 0.128 0.0506148
0.12725 0.865582 0.12725 0.0500761
0.1265 0.867812 0.1265 0.0495405
0.12575 0.87004 0.12575 0.0490079
0.125 0.872266 0.125 0.0484784
0.125 0.872266 0.125 0.0484784
0.1276 0.867938 0.1276 0.0499284
0.1302 0.863615 0.1302 0.0513931
0.1328 0.859298 0.1328 0.0528724
0.1354 0.854986 0.1354 0.0543662
0.138 0.850679 0.138 0.0558746
0.1406 0.846378 0.1406 0.0573974
0.1432 0.842083 0.1432 0.0589346
0.1458 0.837793 0.1458 0.0604862
0.1484 0.833509 0.1484 0.062052
0.151 0.82923 0.151 0.063632
0.1536 0.824957 0.1536 0.0652263
0.1562 0.82069 0.1562 0.0668346
0.1588 0.816429 0.1588 0.0684571
0.1614 0.812173 0.1614 0.0700936
0.164 0.807924 0.164 0.0717441
0.1666 0.80368 0.1666 0.0734086
0.1692 0.799443 0.1692 0.0750871
0.1718 0.795211 0.1718 0.0767794
0.1744 0.790985 0.1744 0.0784856
0.177 0.786766 0.177 0.0802056
0.1796 0.782553 0.1796 0.0819395
0.1822 0.778346 0.1822 0.0836871
0.1848 0.774145 0.1848 0.0854485
0.1874 0.769951 0.1874 0.0872236
0.19 0.765762 0.19 0.0890124
0.1926 0.761581 0.1926 0.0908148
0.1952 0.757405 0.1952 0.0926309
0.1978 0.753237 0.1978 0.0944606
0.2004 0.749074 0.2004 0.0963039
0.203 0.744919 0.203 0.0981608
0.2056 0.74077 0.2056 0.100031
0.2082 0.736627 0.2082 0.101915
0.2108 0.732491 0.2108 0.103813
0.2134 0.728363 0.2134 0.105724
0.216 0.72424 0.216 0.107648
0.2186 0.720125 0.2186 0.109586
0.2212 0.716017 0.2212 0.111538
0.2238 0.711915 0.2238 0.113502
0.2264 0.707821 0.2264 0.115481
0.229 0.703733 0.229 0.117472
0.2316 0.699653 0.2316 0.119477
0.2342 0.69558 0.2342 0.121496
0.2368 0.691513 0.2368 0.123528
0.2394 0.687455 0.2394 0.125573
0.242 0.683403 0.242 0.127631
0.2446 0.679358 0.2446 0.129703
0.2472 0.675321 0.2472 0.131788
0.2498 0.671292 0.2498 0.133887
0.2524 0.66727 0.2524 0.135998
0.255 0.663255 0.255 0.138123
0.2576 0.659248 0.2576 0.140262
0.2602 0.655248 0.2602 0.142413
0.2628 0.651256 0.2628 0.144578
0.2654 0.647272 0.2654 0.146756
0.268 0.643295 0.268 0.148948
0.2706 0.639326 0.2706 0.151152
0.2732 0.635365 0.2732 0.15337
0.2758 0.631412 0.2758 0.155602
0.2784 0.627466 0.2784 0.157846
0.281 0.623529 0.281 0.160103
0.2836 0.619599 0.2836 0.162374
0.2862 0.615678 0.2862 0.164658
0.2888 0.611764 0.2888 0.166956
0.2914 0.607859 0.2914 0.169266
0.294 0.603962 0.294 0.17159
0.2966 0.600073 0.2966 0.173927
0.2992 0.596192 0.2992 0.176277
0.3018 0.59232 0.3018 0.17864
0.3044 0.588456 0.3044 0.181017
0.307 0.5846 0.307 0.183406
0.3096 0.580753 0.3096 0.185809
0.3122 0.576914 0.3122 0.188225
0.3148 0.573084 0.3148 0.190654
0.3174 0.569262 0.3174 0.193097
0.32 0.565449 0.32 0.195552
0.3226 0.561645 0.3226 0.198021
0.3252 0.557849 0.3252 0.200503
0.3278 0.554062 0.3278 0.202998
0.3304 0.550284 0.3304 0.205507
0.333 0.546514 0.333 0.208028
0.3356 0.542754 0.3356 0.210563
0.3382 0.539002 0.3382 0.213111
0.3408 0.53526 0.3408 0.215672
0.3434 0.531526 0.3434 0.218246
0.346 0.527802 0.346 0.220834
0.3486 0.524086 0.3486 0.223434
0.3512 0.52038 0.3512 0.226048
0.3538 0.516683 0.3538 0.228675
0.3564 0.512995 0.3564 0.231316
0.359 0.509316 0.359 0.233969
0.3616 0.505647 0.3616 0.236636
0.3642 0.501987 0.3642 0.239315
0.3668 0.498337 0.3668 0.242008
0.3694 0.494696 0.3694 0.244714
0.372 0.491064 0.372 0.247434
0.3746 0.487443 0.3746 0.250166
0.3772 0.48383 0.3772 0.252912
0.3798 0.480228 0.3798 0.255671
0.3824 0.476635 0.3824 0.258443
0.385 0.473051 0.385 0.261229
0.385 0.473051 0.385 0.261229
0.3835 0.475918 0.3835 0.258201
0.382 0.478788 0.382 0.255192
0.3805 0.481661 0.3805 0.252202
0.379 0.484537 0.379 0.249231
0.3775 0.487416 0.3775 0.24628
0.376 0.490297 0.376 0.243347
0.3745 0.493182 0.3745 0.240434
0.373 0.496069 0.373 0.23754
0.3715 0.498959 0.3715 0.234664
0.37 0.501852 0.37 0.231808
0.3685 0.504747 0.3685 0.22897
0.367 0.507645 0.367 0.226152
0.3655 0.510546 0.3655 0.223352
0.364 0.513449 0.364 0.220571
0.3625 0.516354 0.3625 0.217809
0.361 0.519263 0.361 0.215066
0.3595 0.522173 0.3595 0.212341
0.358 0.525086 0.358 0.209635
0.3565 0.528001 0.3565 0.206948
0.355 0.530919 0.355 0.204279
0.3535 0.533839 0.3535 0.201629
0.352 0.536761 0.352 0.198998
0.3505 0.539685 0.3505 0.196385
0.349 0.542612 0.349 0.193791
0.3475 0.545541 0.3475 0.191215
0.346 0.548471 0.346 0.188658
0.3445 0.551404 0.3445 0.186119
0.343 0.554339 0.343 0.183598
0.3415 0.557276 0.3415 0.181096
0.34 0.560214 0.34 0.178612
0.3385 0.563155 0.3385 0.176147
0.337 0.566097 0.337 0.173699
0.3355 0.569042 0.3355 0.17127
0.334 0.571988 0.334 0.16886
0.3325 0.574935 0.3325 0.166467
0.331 0.577885 0.331 0.164092
0.3295 0.580836 0.3295 0.161736
0.328 0.583789 0.328 0.159398
0.3265 0.586743 0.3265 0.157077
0.325 0.589699 0.325 0.154775
0.3235 0.592656 0.3235 0.152491
0.322 0.595615 0.322 0.150224
0.3205 0.598576 0.3205 0.147976
0.319 0.601537 0.319 0.145745
0.3175 0.6045 0.3175 0.143532
0.316 0.607465 0.316 0.141337
0.3145 0.61043 0.3145 0.13916
0.313 0.613397 0.313 0.137
0.3115 0.616365 0.3115 0.134859
0.31 0.619334 0.31 0.132734
0.3085 0.622305 0.3085 0.130628
0.307 0.625276 0.307 0.128539
0.3055 0.628249 0.3055 0.126468
0.304 0.631222 0.304 0.124414
0.3025 0.634196 0.3025 0.122377
0.301 0.637172 0.301 0.120358
0.2995 0.640148 0.2995 0.118357
0.298 0.643125 0.298 0.116373
0.2965 0.646103 0.2965 0.114406
0.295 0.649082 0.295 0.112456
0.2935 0.652061 0.2935 0.110524
0.292 0.655041 0.292 0.108609
0.2905 0.658022 0.2905 0.106711
0.289 0.661003 0.289 0.104831
0.2875 0.663985 0.2875 0.102967
0.286 0.666968 0.286 0.101121
0.2845 0.669951 0.2845 0.0992915
0.283 0.672934 0.283 0.0974792
0.2815 0.675918 0.2815 0.0956838
0.28 0.678902 0.28 0.0939054
0.2785 0.681887 0.2785 0.0921438
0.277 0.684871 0.277 0.0903992
0.2755 0.687857 0.2755 0.0886713
0.274 0.690842 0.274 0.0869603
0.2725 0.693828 0.2725 0.085266
0.271 0.696813 0.271 0.0835884
0.2695 0.699799 0.2695 0.0819274
0.268 0.702785 0.268 0.0802831
0.2665 0.705771 0.2665 0.0786554
0.265 0.708757 0.265 0.0770443
0.2635 0.711743 0.2635 0.0754497
0.262 0.714729 0.262 0.0738715
0.2605 0.717714 0.2605 0.0723098
0.259 0.7207 0.259 0.0707644
0.2575 0.723685 0.2575 0.0692355
0.256 0.72667 0.256 0.0677228
0.2545 0.729655 0.2545 0.0662264
0.253 0.732639 0.253 0.0647463
0.2515 0.735624 0.2515 0.0632823
0.25 0.738607 0.25 0.0618345
0.2485 0.741591 0.2485 0.0604028
0.247 0.744574 0.247 0.0589872
0.2455 0.747556 0.2455 0.0575876
0.244 0.750538 0.244 0.056204
0.2425 0.753519 0.2425 0.0548363
0.241 0.7565 0.241 0.0534846
0.2395 0.759479 0.2395 0.0521486
0.238 0.762459 0.238 0.0508286
0.2365 0.765437 0.2365 0.0495242
0.235 0.768415 0.235 0.0482356
0.235 0.768415 0.235 0.0482356
0.2376 0.764288 0.2376 0.0493989
0.2402 0.760164 0.2402 0.0505779
0.2428 0.756043 0.2428 0.0517727
0.2454 0.751925 0.2454 0.0529835
0.248 0.747811 0.248 0.0542101
0.2506 0.743699 0.2506 0.0554527
0.2532 0.739591 0.2532 0.0567114
0.2558 0.735487 0.2558 0.0579861
0.2584 0.731386 0.2584 0.059277
0.261 0.727288 0.261 0.060584
0.2636 0.723194 0.2636 0.0619073
0.2662 0.719104 0.2662 0.0632469
0.2688 0.715017 0.2688 0.0646028
0.2714 0.710935 0.2714 0.065975
0.274 0.706856 0.274 0.0673637
0.2766 0.702781 0.2766 0.0687689
0.2792 0.69871 0.2792 0.0701906
0.2818 0.694644 0.2818 0.0716289
0.2844 0.690582 0.2844 0.0730838
0.287 0.686524 0.287 0.0745554
0.2896 0.68247 0.2896 0.0760437
0.2922 0.678421 0.2922 0.0775487
0.2948 0.674376 0.2948 0.0790706
0.2974 0.670337 0.2974 0.0806093
0.3 0.666301 0.3 0.0821649
0.3026 0.662271 0.3026 0.0837375
0.3052 0.658245 0.3052 0.085327
0.3078 0.654224 0.3078 0.0869336
0.3104 0.650209 0.3104 0.0885573
0.313 0.646198 0.313 0.0901981
0.3156 0.642192 0.3156 0.0918561
0.3182 0.638192 0.3182 0.0935313
0.3208 0.634197 0.3208 0.0952238
0.3234 0.630207 0.3234 0.0969335
0.326 0.626223 0.326 0.0986606
0.3286 0.622244 0.3286 0.100405
0.3312 0.618271 0.3312 0.102167
0.3338 0.614304 0.3338 0.103946
0.3364 0.610342 0.3364 0.105743
0.339 0.606386 0.339 0.107558
0.3416 0.602436 0.3416 0.10939
0.3442 0.598492 0.3442 0.11124
0.3468 0.594555 0.3468 0.113107
0.3494 0.590623 0.3494 0.114992
0.352 0.586697 0.352 0.116895
0.3546 0.582778 0.3546 0.118816
0.3572 0.578865 0.3572 0.120755
0.3598 0.574958 0.3598 0.122711
0.3624 0.571059 0.3624 0.124686
0.365 0.567165 0.365 0.126678
0.3676 0.563278 0.3676 0.128689
0.3702 0.559398 0.3702 0.130717
0.3728 0.555525 0.3728 0.132764
0.3754 0.551659 0.3754 0.134829
0.378 0.5478 0.378 0.136912
0.3806 0.543947 0.3806 0.139013
0.3832 0.540102 0.3832 0.141132
0.3858 0.536264 0.3858 0.14327
0.3884 0.532433 0.3884 0.145426
0.391 0.52861 0.391 0.147601
0.3936 0.524794 0.3936 0.149794
0.3962 0.520986 0.3962 0.152005
0.3988 0.517185 0.3988 0.154235
0.4014 0.513391 0.4014 0.156483
0.404 0.509606 0.404 0.15875
0.4066 0.505828 0.4066 0.161036
0.4092 0.502058 0.4092 0.16334
0.4118 0.498296 0.4118 0.165663
0.4144 0.494543 0.4144 0.168004
0.417 0.490797 0.417 0.170365
0.4196 0.487059 0.4196 0.172744
0.4222 0.48333 0.4222 0.175142
0.4248 0.479609 0.4248 0.177558
0.4274 0.475896 0.4274 0.179994
0.43 0.472192 0.43 0.182449
0.4326 0.468497 0.4326 0.184923
0.4352 0.46481 0.4352 0.187415
0.4378 0.461131 0.4378 0.189927
0.4404 0.457462 0.4404 0.192458
0.443 0.453801 0.443 0.195008
0.4456 0.45015 0.4456 0.197577
0.4482 0.446507 0.4482 0.200165
0.4508 0.442874 0.4508 0.202773
0.4534 0.439249 0.4534 0.2054
0.456 0.435634 0.456 0.208046
0.4586 0.432028 0.4586 0.210711
0.4612 0.428432 0.4612 0.213396
0.4638 0.424845 0.4638 0.2161
0.4664 0.421268 0.4664 0.218824
0.469 0.4177 0.469 0.221567
0.4716 0.414142 0.4716 0.22433
0.4742 0.410594 0.4742 0.227112
0.4768 0.407055 0.4768 0.229914
0.4794 0.403527 0.4794 0.232735
0.482 0.400008 0.482 0.235576
0.4846 0.3965 0.4846 0.238437
0.4872 0.393001 0.4872 0.241318
0.4898 0.389513 0.4898 0.244218
0.4924 0.386035 0.4924 0.247138
0.495 0.382568 0.495 0.250078
0.495 0.382568 0.495 0.250078
0.49395 0.384176 0.49395 0.247134
0.4929 0.385786 0.4929 0.244204
0.49185 0.387398 0.49185 0.241288
0.4908 0.389011 0.4908 0.238384
0.48975 0.390627 0.48975 0.235493
0.4887 0.392244 0.4887 0.232616
0.48765 0.393864 0.48765 0.229752
0.4866 0.395485 0.4866 0.2269
0.48555 0.397108 0.48555 0.224062
0.4845 0.398733 0.4845 0.221237
0.48345 0.40036 0.48345 0.218425
0.4824 0.401989 0.4824 0.215626
0.48135 0.403619 0.48135 0.21284
0.4803 0.405252 0.4803 0.210067
0.47925 0.406886 0.47925 0.207307
0.4782 0.408522 0.4782 0.20456
0.47715 0.410159 0.47715 0.201826
0.4761 0.411799 0.4761 0.199105
0.47505 0.41344 0.47505 0.196397
0.474 0.415084 0.474 0.193702
0.47295 0.416728 0.47295 0.19102
0.4719 0.418375 0.4719 0.188351
0.47085 0.420023 0.47085 0.185694
0.4698 0.421674 0.4698 0.183051
0.46875 0.423325 0.46875 0.18042
0.4677 0.424979 0.4677 0.177803
0.46665 0.426634 0.46665 0.175198
0.4656 0.428291 0.4656 0.172606
0.46455 0.42995 0.46455 0.170026
0.4635 0.43161 0.4635 0.16746
0.46245 0.433272 0.46245 0.164906
0.4614 0.434936 0.4614 0.162365
0.46035 0.436601 0.46035 0.159837
0.4593 0.438268 0.4593 0.157322
0.45825 0.439937 0.45825 0.154819
0.4572 0.441607 0.4572 0.152329
0.45615 0.443279 0.45615 0.149852
0.4551 0.444953 0.4551 0.147388
0.45405 0.446628 0.45405 0.144936
0.453 0.448305 0.453 0.142497
0.45195 0.449983 0.45195 0.14007
0.4509 0.451663 0.4509 0.137656
0.44985 0.453344 0.44985 0.135255
0.4488 0.455027 0.4488 0.132866
0.44775 0.456712 0.44775 0.13049
0.4467 0.458398 0.4467 0.128127
0.44565 0.460085 0.44565 0.125776
0.4446 0.461775 0.4446 0.123438
0.44355 0.463465 0.44355 0.121112
0.4425 0.465157 0.4425 0.118799
0.44145 0.466851 0.44145 0.116498
0.4404 0.468546 0.4404 0.11421
0.43935 0.470243 0.43935 0.111934
0.4383 0.471941 0.4383 0.109671
0.43725 0.47364 0.43725 0.10742
0.4362 0.475341 0.4362 0.105182
0.43515 0.477044 0.43515 0.102956
0.4341 0.478748 0.4341 0.100743
0.43305 0.480453 0.43305 0.0985415
0.432 0.48216 0.432 0.0963528
0.43095 0.483868 0.43095 0.0941765
0.4299 0.485577 0.4299 0.0920126
0.42885 0.487288 0.42885 0.0898609
0.4278 0.489 0.4278 0.0877217
0.42675 0.490714 0.42675 0.0855947
0.4257 0.492429 0.4257 0.0834801
0.42465 0.494146 0.42465 0.0813777
0.4236 0.495863 0.4236 0.0792876
0.42255 0.497582 0.42255 0.0772098
0.4215 0.499303 0.4215 0.0751442
0.42045 0.501024 0.42045 0.0730908
0.4194 0.502747 0.4194 0.0710497
0.41835 0.504472 0.41835 0.0690208
0.4173 0.506197 0.4173 0.067004
0.41625 0.507924 0.41625 0.0649994
0.4152 0.509652 0.4152 0.063007
0.41415 0.511382 0.41415 0.0610267
0.4131 0.513112 0.4131 0.0590586
0.41205 0.514844 0.41205 0.0571025
0.411 0.516577 0.411 0.0551586
0.40995 0.518312 0.40995 0.0532267
0.4089 0.520047 0.4089 0.0513069
0.40785 0.521784 0.40785 0.0493992
0.4068 0.523522 0.4068 0.0475035
0.40575 0.525261 0.40575 0.0456198
0.4047 0.527002 0.4047 0.0437481
0.40365 0.528743 0.40365 0.0418884
0.4026 0.530486 0.4026 0.0400407
0.40155 0.53223 0.40155 0.038205
0.4005 0.533975 0.4005 0.0363812
0.39945 0.535721 0.39945 0.0345693
0.3984 0.537468 0.3984 0.0327693
0.39735 0.539217 0.39735 0.0309813
0.3963 0.540966 0.3963 0.0292051
0.39525 0.542717 0.39525 0.0274408
0.3942 0.544469 0.3942 0.0256884
0.39315 0.546221 0.39315 0.0239477
0.3921 0.547975 0.3921 0.022219
0.39105 0.54973 0.39105 0.020502
0.39 0.551486 0.39 0.0187968
0.39 0.551486 0.39 0.0187968
0.3961 0.542329 0.3961 0.0201576
0.4022 0.53321 0.4022 0.0215604
0.4083 0.524129 0.4083 0.0230052
0.4144 0.515087 0.4144 0.0244925
0.4205 0.506086 0.4205 0.0260226
0.4266 0.497126 0.4266 0.0275956
0.4327 0.488209 0.4327 0.0292118
0.4388 0.479336 0.4388 0.0308716
0.4449 0.470508 0.4449 0.0325751
0.451 0.461727 0.451 0.0343227
0.4571 0.452992 0.4571 0.0361145
0.4632 0.444306 0.4632 0.0379509
0.4693 0.435669 0.4693 0.0398321
0.4754 0.427083 0.4754 0.0417584
0.4815 0.418549 0.4815 0.04373
0.4876 0.410067 0.4876 0.045747
0.4937 0.401639 0.4937 0.0478099
0.4998 0.393267 0.4998 0.0499188
0.5059 0.38495 0.5059 0.0520739
0.512 0.376691 0.512 0.0542756
0.5181 0.36849 0.5181 0.0565239
0.5242 0.360349 0.5242 0.0588192
0.5303 0.352268 0.5303 0.0611617
0.5364 0.344249 0.5364 0.0635516
0.5425 0.336292 0.5425 0.0659891
0.5486 0.3284 0.5486 0.0684744
0.5547 0.320573 0.5547 0.0710079
0.5608 0.312811 0.5608 0.0735896
0.5669 0.305117 0.5669 0.0762198
0.573 0.297492 0.573 0.0788987
0.5791 0.289936 0.5791 0.0816265
0.5852 0.28245 0.5852 0.0844035
0.5913 0.275037 0.5913 0.0872298
0.5974 0.267696 0.5974 0.0901057
0.6035 0.260429 0.6035 0.0930313
0.6096 0.253237 0.6096 0.0960069
0.6157 0.246121 0.6157 0.0990326
0.6218 0.239083 0.6218 0.102109
0.6279 0.232123 0.6279 0.105235
0.634 0.225242 0.634 0.108413
0.6401 0.218442 0.6401 0.111641
0.6462 0.211724 0.6462 0.114921
0.6523 0.205089 0.6523 0.118252
0.6584 0.198538 0.6584 0.121634
0.6645 0.192071 0.6645 0.125068
0.6706 0.185691 0.6706 0.128554
0.6767 0.179398 0.6767 0.132092
0.6828 0.173194 0.6828 0.135683
0.6889 0.167079 0.6889 0.139326
0.695 0.161055 0.695 0.143021
0.7011 0.155122 0.7011 0.14677
0.7072 0.149283 0.7072 0.150571
0.7133 0.143537 0.7133 0.154426
0.7194 0.137887 0.7194 0.158333
0.7255 0.132332 0.7255 0.162295
0.7316 0.126875 0.7316 0.16631
0.7377 0.121517 0.7377 0.170379
0.7438 0.116258 0.7438 0.174503
0.7499 0.111099 0.7499 0.17868
0.756 0.106043 0.756 0.182912
0.7621 0.101089 0.7621 0.187199
0.7682 0.0962391 0.7682 0.19154
0.7743 0.0914944 0.7743 0.195936
0.7804 0.086856 0.7804 0.200387
0.7865 0.0823249 0.7865 0.204894
0.7926 0.0779022 0.7926 0.209456
0.7987 0.0735891 0.7987 0.214073
0.8048 0.0693866 0.8048 0.218747
0.8109 0.065296 0.8109 0.223476
0.817 0.0613182 0.817 0.228261
0.8231 0.0574544 0.8231 0.233103
0.8292 0.0537058 0.8292 0.238001
0.8353 0.0500734 0.8353 0.242956
0.8414 0.0465583 0.8414 0.247967
0.8475 0.0431617 0.8475 0.253035
0.8536 0.0398846 0.8536 0.258161
0.8597 0.0367283 0.8597 0.263343
0.8658 0.0336937 0.8658 0.268583
0.8719 0.030782 0.8719 0.27388
0.878 0.0279944 0.878 0.279235
0.8841 0.0253319 0.8841 0.284648
0.8902 0.0227956 0.8902 0.290119
0.8963 0.0203868 0.8963 0.295648
0.9024 0.0181063 0.9024 0.301235
0.9085 0.0159555 0.9085 0.30688
0.9146 0.0139354 0.9146 0.312584
0.9207 0.012047 0.9207 0.318347
0.9268 0.0102916 0.9268 0.324169
0.9329 0.00867028 0.9329 0.33005
0.939 0.00718407 0.939 0.335989
0.9451 0.00583412 0.9451 0.341989
0.9512 0.00462154 0.9512 0.348047
0.9573 0.00354746 0.9573 0.354165
0.9634 0.00261297 0.9634 0.360343
0.9695 0.0018192 0.9695 0.366581
0.9756 0.00116726 0.9756 0.372879
0.9817 0.00065825 0.9817 0.379237
0.9878 0.000293298 0.9878 0.385655
0.9939 7.35099e-5 0.9939 0.392134
1 0 1 0.398673
